0,273
0,270
10,85
10,309
10,183
10,67
10,305
10,201
10,2
10,3
9,5
8,5
8,11
8,14
8,13
2,2
2,1
2,3
60,4
60,3
60,2
60,1
60,0
59,4
59,3
59,2
59,1
59,0
58,4
58,3
58,2
58,1
58,0
55,3
55,2
55,1
55,0
20,3
20,2
20,1
19,3
19,2
19,1
18,3
18,1
14,3
14,1
13,3
13,1
12,3
12,2
12,1
11,30
11,29
11,28
11,27
11,26
11,25
11,24
11,23
11,22
11,21
11,20
11,19
11,18
11,17
11,16
11,15
11,14
11,13
11,12
11,11
11,10
11,9
11,8
11,7
11,6
11,5
11,4
11,3
11,2
11,1
10,311
10,306
10,304
10,301
10,297
10,292
10,287
10,283
10,280
10,279
10,278
10,274
10,271
10,269
10,261
10,260
10,259
